Epoch: 1| Learning Rate: [0.0025000000000000005, 0.005000000000000001, 0.0025000000000000005, 0.005000000000000001, 0.0025000000000000005, 0.005000000000000001, 0.0025000000000000005, 0.005000000000000001]
Iteration: 1| Loss:  0.68649| Acc:  82.25288 | Top 5 Acc:  96.52427 |L_2:  1.15916
