Iteration: 1| Loss:  48.02166| Acc:  0.03125 | L_2:  1.00000
Iteration: 1| Loss:  48.01767| Acc:  0.06250 | L_2:  1.00000
Iteration: 1| Loss:  48.01767| Acc:  0.06250 | L_2:  1.00000
