Epoch: 100| Sparsity:  0.98817
Epoch: 120| Sparsity:  0.99163
Epoch: 140| Sparsity:  0.99312
Epoch: 150| Sparsity:  0.99359 | Sparsity from Test:  0.00000
