Epoch: 100| Sparsity:  0.98811
Epoch: 120| Sparsity:  0.99030
Epoch: 140| Sparsity:  0.99210
Epoch: 150| Sparsity:  0.99267 | Sparsity from Test:  0.00000
