Epoch: 100| Sparsity:  0.99834
Epoch: 120| Sparsity:  0.99848
Epoch: 140| Sparsity:  0.99861
Epoch: 150| Sparsity:  0.99869 | Sparsity from Test:  0.00000
