Epoch: 100| Sparsity:  0.97144
Epoch: 120| Sparsity:  0.98406
Epoch: 140| Sparsity:  0.98949
Epoch: 150| Sparsity:  0.99086 | Sparsity from Test:  0.00000
