Epoch: 100| Sparsity:  0.99395
Epoch: 120| Sparsity:  0.99480
Epoch: 140| Sparsity:  0.99546
Epoch: 150| Sparsity:  0.99570 | Sparsity from Test:  0.00000
