Epoch: 100| Sparsity:  0.99889
Epoch: 120| Sparsity:  0.99895
Epoch: 140| Sparsity:  0.99897
Epoch: 150| Sparsity:  0.99897 | Sparsity from Test:  0.00000
