Epoch: 100| Sparsity:  0.99148
Epoch: 120| Sparsity:  0.99348
Epoch: 140| Sparsity:  0.99449
Epoch: 150| Sparsity:  0.99487 | Sparsity from Test:  0.00000
